

C1 -2.2641727131 0.5704324091 -2.2935412506
C2 -2.0183714657 1.5842351092 -1.1681108589
C3 -0.8059885576 0.9801408678 -0.4439682103
C4 -0.9740779599 -0.5687808272 -0.6636731390
H5 -2.8582022975 -1.0642012062 -1.2137865744
H6 -3.2712514758 0.6079634282 -2.7124366242
H7 -1.5537592881 0.7355269124 -3.1115116773
H8 -1.8282619419 2.5974992927 -1.5286952714
H9 -2.8862263879 1.6138216175 -0.5022746603
H10 0.1252672965 1.3075405241 -0.9106044184
H11 -0.7610090224 1.2544835081 0.6109148953
H12 -0.0230654376 -0.9870289409 -1.0036226683
N13 -2.0144019294 -0.7549819190 -1.6896299842
C14 -1.3453822750 -1.2676302056 0.6389173393
O15 -2.4684636724 -1.6472373097 0.9006609884
O16 -0.3565017639 -1.4231858963 1.5223523830
H17 0.5146478782 -1.0923819410 1.1767835190
C18 2.5928144812 0.4425407195 0.8724470209
O19 1.9985879889 -0.5861617150 0.5635727742
C20 2.0666762043 1.3731017646 1.9301715900
H21 1.7603282723 2.3101156938 1.4538636000
H22 1.2171640502 0.9375330099 2.4539337205
H23 2.8588761693 1.6234335351 2.6401492003
C24 3.8783079403 0.8204182318 0.1938785126
H25 3.8232290415 1.8504326052 -0.1691391111
H26 4.6912234572 0.7862626391 0.9265267231
H27 4.0954134082 0.1396080928 -0.6274778183