37

C1 -0.97824 1.13659 -1.82654
C2 0.21969 0.57721 -2.61281
C3 0.28537 -0.89988 -2.16143
C4 -0.55257 -0.94829 -0.85323
H5 -0.26212 0.88010 0.07075
H6 -0.93768 2.21597 -1.66864
H7 -1.91667 0.90507 -2.34447
H8 0.10831 0.68459 -3.69395
H9 1.12894 1.10599 -2.31530
H10 -0.15305 -1.56579 -2.90740
H11 1.30883 -1.22882 -1.98248
H12 -1.46542 -1.53307 -1.01837
N13 -0.96308 0.43878 -0.53216
C14 0.15969 -1.57166 0.34844
O15 1.34547 -1.83325 0.37595
O16 -0.59711 -1.80915 1.42213
H17 -1.55333 -1.57208 1.27620
C18 -3.22825 0.12772 0.82326
O19 -3.09849 -1.09767 0.88629
C20 -2.69536 1.02858 1.90574
H21 -3.52217 1.23935 2.59521
H22 -1.89517 0.53957 2.45928
H23 -2.34487 1.97632 1.49944
C24 -4.10566 0.74959 -0.22707
H25 -4.28207 0.04710 -1.04087
H26 -5.06567 1.00802 0.23497
H27 -3.66456 1.67083 -0.60826
S28 2.45276 1.75860 1.48797
C29 2.66160 0.35976 2.63974
H30 3.72866 0.20768 2.80896
H31 2.17358 0.64541 3.57105
H32 2.19802 -0.52727 2.20790
C33 3.22824 0.99180 0.02499
H34 3.11078 1.69641 -0.79737
H35 4.28776 0.84138 0.23769
H36 2.72909 0.04709 -0.18932
O37 0.94417 1.84081 1.18686