C1 -1.10418 1.23198 -1.77974
C2 -0.12330 0.74850 -2.83896
C3 -0.39094 -0.76148 -2.87441
C4 -0.62720 -1.14215 -1.40714
H5 -0.15728 0.47251 -0.15223
H6 -0.85960 2.19444 -1.33848
H7 -2.12267 1.24140 -2.16244
H8 -0.29207 1.23908 -3.79774
H9 0.90066 0.95588 -2.51757
H10 -1.28621 -0.96961 -3.46535
H11 0.43601 -1.33901 -3.28233
H12 -1.46863 -1.82388 -1.29184
N13 -0.99572 0.17190 -0.70636
C14 0.57229 -1.81078 -0.66439
O15 1.41867 -2.40684 -1.34607
O16 0.54795 -1.69962 0.60078
H17 -0.95921 -1.26116 1.11553
C18 -2.16272 0.09054 0.30933
O19 -1.92914 -1.02974 1.12127
C20 -2.14270 1.37686 1.13639
H21 -2.91196 1.29045 1.90481
H22 -1.17231 1.50521 1.61693
H23 -2.35836 2.25800 0.52947
C24 -3.49719 -0.11428 -0.39887
H25 -3.45716 -0.95443 -1.09380
H26 -4.23664 -0.34717 0.36831
H27 -3.82822 0.77866 -0.92854
S28 2.34671 1.44982 1.17733
C29 1.85367 0.49898 2.65050
H30 2.74706 0.29990 3.24439
H31 1.16355 1.12641 3.21350
H32 1.37519 -0.42065 2.31601
C33 3.37942 0.17766 0.38185
H34 3.67150 0.57516 -0.58956
H35 4.26324 0.02361 1.00290
H36 2.79973 -0.73802 0.27601
O37 1.07255 1.57740 0.31098