C1 -0.3093767288 1.0397269453 -1.4207433194
C2 -1.8304584926 0.9978867458 -1.2953874471
C3 -2.0460736433 1.0078190952 0.2237853641
C4 -0.9464056075 0.0785582145 0.7513967534
H5 0.1604945402 -0.8367186830 -0.6044614963
H6 0.0830306840 0.6544180127 -2.3589974143
H7 0.0677758136 2.0475499194 -1.2583573451
H8 -2.2940884610 1.8436074136 -1.8030670647
H9 -2.2223914799 0.0775699166 -1.7361995974
H10 -1.9090971057 2.0178113930 0.6182649102
H11 -3.0299790730 0.6532052101 0.5271947259
H12 -0.5645824023 0.3675162666 1.7258979511
N13 0.1696130890 0.1627216567 -0.2845289097
C14 -1.3653211282 -1.4238718667 0.8260269206
O15 -2.2686926995 -1.6975288939 1.6340280314
O16 -0.7322979609 -2.1991396262 0.0530376434
H17 1.8432089004 -1.4054178552 0.9529364658
C18 1.5881531700 0.4171985520 0.2664039693
O19 1.7746888382 -0.5094075679 1.3097579027
C20 1.6989050150 1.8018486852 0.8858444600
H21 1.5830808106 2.5890799146 0.1424441601
H22 0.9629832456 1.9436232260 1.6775949174
H23 2.6932337290 1.8914971152 1.3238205334
C24 2.5791611458 0.1974166469 -0.8724772391
H25 2.4522935387 0.9365720409 -1.6640801261
H26 3.5887621219 0.2909511223 -0.4714316655
H27 2.4664801407 -0.8013935996 -1.3030030842