C1 -1.09395 1.21968 -1.62083
C2 0.10096 0.68837 -2.41269
C3 -0.01601 -0.83354 -2.21420
C4 -0.66495 -0.99889 -0.82305
H5 -0.42894 0.76166 0.24924
H6 -1.01658 2.26619 -1.32739
H7 -2.01942 1.07480 -2.18063
H8 0.07259 0.98510 -3.46221
H9 1.02923 1.06357 -1.97562
H10 -0.66862 -1.26793 -2.97393
H11 0.94551 -1.34244 -2.25922
H12 -1.54746 -1.64291 -0.86649
N13 -1.12500 0.36655 -0.40281
C14 0.24997 -1.58977 0.26502
O15 1.39738 -1.93814 0.04748
O16 -0.28952 -1.68910 1.46280
H17 -1.28782 -1.36459 1.46687
C18 -2.72531 0.23730 0.68444
O19 -2.63431 -0.92243 1.23896
C20 -2.49191 1.45627 1.56328
H21 -3.36846 1.56901 2.20915
H22 -1.61096 1.31119 2.18898
H23 -2.37384 2.37118 0.97962
C24 -3.82551 0.38406 -0.34998
H25 -3.75468 -0.40770 -1.09832
H26 -4.77716 0.26520 0.17627
H27 -3.82577 1.35892 -0.83797
S28 2.30401 1.62103 1.55873
C29 2.49444 0.16687 2.64177
H30 3.55255 0.06218 2.88632
H31 1.92154 0.37296 3.54513
H32 2.11351 -0.71660 2.13072
C33 3.20556 0.97471 0.11085
H34 3.13023 1.72971 -0.67078
H35 4.25030 0.83670 0.39347
H36 2.75303 0.03339 -0.19989
O37 0.81481 1.67086 1.16004