C1 -1.33708 0.92993 -2.33358
C2 -0.65282 0.09730 -3.41878
C3 -0.85808 -1.33507 -2.91033
C4 -0.65467 -1.18178 -1.38955
H5 0.74018 0.33933 -0.47460
H6 -0.97214 1.95678 -2.28831
H7 -2.41840 0.96198 -2.51751
H8 -1.08390 0.26994 -4.40575
H9 0.41398 0.33639 -3.46856
H10 -1.88382 -1.66058 -3.10139
H11 -0.18045 -2.06745 -3.34921
H12 -1.23870 -1.90925 -0.82572
N13 -1.02721 0.21403 -1.07004
C14 0.80830 -1.43490 -1.00133
O15 1.35775 -2.50950 -1.12790
O16 1.44136 -0.36807 -0.51758
H17 -0.62536 0.33386 1.47552
C18 -1.97866 0.39578 0.06092
O19 -1.39572 -0.21280 1.20553
C20 -2.17680 1.89712 0.29961
H21 -2.76686 2.03150 1.20800
H22 -1.20979 2.38512 0.43317
H23 -2.70797 2.37297 -0.52664
C24 -3.32489 -0.30307 -0.15921
H25 -3.19778 -1.38315 -0.25090
H26 -3.97688 -0.11138 0.69494
H27 -3.81889 0.06930 -1.05838
S28 1.95425 1.11506 2.67443
C29 2.04107 -0.70311 2.79254
H30 2.95995 -0.97015 3.31610
H31 1.17488 -1.02437 3.36981
H32 2.01747 -1.11914 1.78642
C33 3.38543 1.36363 1.57435
H34 3.42847 2.42846 1.34866
H35 4.28541 1.05834 2.10996
H36 3.23796 0.77611 0.66928
O37 0.70521 1.42630 1.81646