C1 -0.2608052919 1.0213456904 -1.4225500310
C2 -1.7871631051 0.9962275516 -1.3276666580
C3 -2.0242453754 1.0351967108 0.1872570910
C4 -0.8996048405 0.1326060263 0.7337562740
H5 -0.1836369914 -1.5768179484 -0.4857147364
H6 0.1177070659 0.6106558699 -2.3589359143
H7 0.1018105229 2.0518904404 -1.3290859007
H8 -2.2461009247 1.8332597776 -1.8549923090
H9 -2.1817087136 0.0696657724 -1.7555725005
H10 -1.8785725983 2.0500107754 0.5653743982
H11 -3.0143198036 0.6970051912 0.4931125567
H12 -0.5692875304 0.4490818048 1.7225826512
N13 0.1865414414 0.1875833991 -0.2756571013
C14 -1.3705642127 -1.3209043281 0.8906618703
O15 -2.1903171150 -1.6753473824 1.7100464395
O16 -0.8061247925 -2.1664887088 0.0269190724
H17 1.8898329401 -1.4018251731 0.8501400974
C18 1.5520402004 0.4415116402 0.2520323040
O19 1.8022327142 -0.5354952959 1.2670314038
C20 1.6997271603 1.7958614273 0.9513163871
H21 1.4908551140 2.6149754372 0.2620491100
H22 1.0246693457 1.8742545758 1.8051341596
H23 2.7222942507 1.9061662842 1.3157724709
C24 2.5623679489 0.2927459223 -0.8866791455
H25 2.4505037151 1.0833548720 -1.6304138273
H26 3.5715586671 0.3487023032 -0.4757541811
H27 2.4335102083 -0.6720226354 -1.3847639811