C1 -0.41123 1.50688 -1.06529
C2 0.27249 0.77192 -2.21964
C3 -0.74692 -0.31481 -2.58983
C4 -1.28804 -0.75873 -1.22424
H5 -0.27642 -0.29332 0.42488
H6 0.28115 1.99718 -0.38459
H7 -1.12933 2.23536 -1.45014
H8 0.50597 1.44213 -3.04739
H9 1.20718 0.31847 -1.87906
H10 -1.55970 0.11251 -3.18280
H11 -0.32007 -1.14892 -3.14710
H12 -2.31468 -1.11492 -1.26081
N13 -1.12594 0.42504 -0.31834
C14 -0.42290 -1.85849 -0.55842
O15 -0.33344 -2.98964 -1.01539
O16 0.17338 -1.39825 0.50376
H17 -2.11366 -0.53901 1.87941
C18 -2.33476 0.82479 0.48009
O19 -2.75860 -0.33635 1.18961
C20 -3.51472 1.22854 -0.40036
H21 -3.25940 2.07795 -1.03428
H22 -3.83766 0.40051 -1.03243
H23 -4.35056 1.51639 0.23881
C24 -1.93774 1.93653 1.44912
H25 -1.71273 2.86295 0.91808
H26 -2.77344 2.12215 2.12563
H27 -1.05233 1.64864 2.01866
S28 2.65273 0.81443 1.97895
C29 2.37191 -0.71214 2.94051
H30 3.32515 -1.22931 3.06074
H31 1.98743 -0.40707 3.91328
H32 1.64645 -1.32460 2.40566
C33 3.22006 0.01756 0.43636
H34 3.33824 0.81081 -0.30101
H35 4.18107 -0.46245 0.62675
H36 2.46755 -0.70428 0.12120
O37 1.26125 1.39492 1.67939